2435.9619518073814 -0.12217647057080783 [0.0, 1.0, 0.0, 0.0, 0.0, 1.0, 0.0, 0.0, 1.0, 0.0]
2440.3324252424045 -0.12323741477546453 [0.0, 1.0, 0.0, 0.0, 0.0, 1.0, 0.0, 1.0, 0.0, 0.0]
2432.2374638687184 -0.10389767633555531 [1.0, 1.0, 1.0, 1.0, 0.0, 0.0, 0.0, 0.0, 0.0, 0.0]
2433.646506083032 -0.117016644548235 [0.0, 1.0, 0.0, 0.0, 0.0, 0.0, 1.0, 0.0, 1.0, 0.0]
2426.596943947392 -0.08402412490430572 [0.0, 1.0, 1.0, 1.0, 0.0, 0.0, 1.0, 0.0, 1.0, 0.0]
2427.559273265721 -0.09393525875586207 [1.0, 1.0, 0.0, 0.0, 0.0, 0.0, 1.0, 0.0, 1.0, 0.0]
2417.4077388350192 -0.0691294914233912 [1.0, 1.0, 1.0, 0.0, 0.0, 0.0, 1.0, 1.0, 1.0, 0.0]
2416.9379426895234 -0.06584542028203173 [1.0, 1.0, 1.0, 1.0, 0.0, 0.0, 1.0, 1.0, 1.0, 0.0]
2420.979507275577 -0.0797341464932794 [1.0, 1.0, 1.0, 0.0, 0.0, 0.0, 1.0, 0.0, 1.0, 0.0]
2427.066740092888 -0.09349490777191342 [0.0, 1.0, 1.0, 0.0, 0.0, 0.0, 1.0, 0.0, 1.0, 0.0]
2420.509711130081 -0.07413528765004532 [1.0, 1.0, 1.0, 1.0, 0.0, 0.0, 1.0, 0.0, 1.0, 0.0]
2415.4678775508164 -0.061586882142501395 [1.0, 1.0, 1.0, 1.0, 0.0, 1.0, 1.0, 1.0, 1.0, 0.0]
