411.08322112050087 -0.3277455141840938 [1.0, 0.0, 0.0, 0.0, 0.0, 0.0, 0.0, 0.0]
396.2970082603963 -0.09049366063580114 [1.0, 1.0, 1.0, 0.0, 1.0, 0.0, 0.0, 1.0]
396.5218392133774 -0.10531907426297228 [1.0, 1.0, 1.0, 1.0, 0.0, 0.0, 0.0, 0.0]
385.2629831841053 -0.0713127847592641 [1.0, 1.0, 1.0, 0.0, 1.0, 1.0, 1.0, 0.0]
402.9620455845144 -0.13361299809958901 [1.0, 0.0, 1.0, 0.0, 0.0, 0.0, 1.0, 0.0]
405.7214863081974 -0.14327553356719952 [1.0, 0.0, 1.0, 0.0, 0.0, 0.0, 0.0, 1.0]
405.6829188759611 -0.13982418799825874 [1.0, 0.0, 1.0, 1.0, 0.0, 0.0, 0.0, 0.0]
399.0042800456079 -0.13050184494411884 [1.0, 0.0, 1.0, 0.0, 0.0, 1.0, 0.0, 0.0]
396.56040664561374 -0.10790758343967786 [1.0, 1.0, 1.0, 0.0, 0.0, 0.0, 0.0, 1.0]
386.85424655659335 -0.08140774782705808 [1.0, 1.0, 1.0, 0.0, 0.0, 1.0, 1.0, 0.0]
389.6136872802764 -0.08720526910762437 [1.0, 1.0, 1.0, 0.0, 0.0, 1.0, 0.0, 1.0]
396.78991974836157 -0.12963775203668634 [1.0, 1.0, 1.0, 0.0, 0.0, 0.0, 0.0, 0.0]
405.95099941094526 -0.19355476152647308 [1.0, 0.0, 1.0, 0.0, 0.0, 0.0, 0.0, 0.0]
386.6247334538455 -0.0749593027973238 [1.0, 1.0, 1.0, 0.0, 0.0, 1.0, 1.0, 1.0]
396.10589208271864 -0.08751960940400151 [1.0, 0.0, 1.0, 1.0, 0.0, 1.0, 1.0, 0.0]
388.25193701053615 -0.08282944746195273 [1.0, 1.0, 1.0, 0.0, 1.0, 1.0, 0.0, 0.0]
385.03347008135745 -0.06722768374346243 [1.0, 1.0, 1.0, 0.0, 1.0, 1.0, 1.0, 1.0]
