2564.4331077387787 -0.36427471187755484 [1.0, 0.0, 1.0, 1.0, 1.0, 0.0, 1.0, 0.0, 1.0, 0.0]
2593.743276680283 -0.4642128776397299 [1.0, 0.0, 1.0, 0.0, 1.0, 0.0, 0.0, 0.0, 1.0, 0.0]
2558.3217870700587 -0.35926556449607255 [1.0, 1.0, 1.0, 1.0, 1.0, 0.0, 0.0, 0.0, 1.0, 0.0]
2605.806477391813 -0.523201574303586 [1.0, 0.0, 1.0, 0.0, 1.0, 0.0, 0.0, 0.0, 0.0, 0.0]
2552.858272632224 -0.3176938500586613 [1.0, 0.0, 1.0, 1.0, 1.0, 1.0, 0.0, 0.0, 1.0, 1.0]
2587.9837785535756 -0.37315929505639467 [1.0, 0.0, 1.0, 0.0, 1.0, 0.0, 0.0, 1.0, 1.0, 0.0]
2624.5390699543677 -0.5815843316310007 [0.0, 0.0, 0.0, 0.0, 1.0, 0.0, 0.0, 0.0, 0.0, 0.0]
2568.091361954708 -0.36652379102352217 [1.0, 1.0, 0.0, 1.0, 1.0, 0.0, 0.0, 0.0, 0.0, 0.0]
2550.5925908405957 -0.31582819675481427 [1.0, 1.0, 1.0, 1.0, 1.0, 1.0, 0.0, 0.0, 1.0, 0.0]
2556.703911509315 -0.3201217516532276 [1.0, 0.0, 1.0, 1.0, 1.0, 1.0, 1.0, 0.0, 1.0, 0.0]
2549.110234377736 -0.29371448607755063 [1.0, 1.0, 0.0, 1.0, 1.0, 0.0, 0.0, 1.0, 1.0, 0.0]
2547.147321601737 -0.2739731081293587 [1.0, 1.0, 1.0, 1.0, 1.0, 0.0, 0.0, 1.0, 1.0, 1.0]
2532.77497867362 -0.20988658273392147 [1.0, 1.0, 0.0, 1.0, 1.0, 1.0, 1.0, 1.0, 1.0, 1.0]
2538.5344768003274 -0.23500428498527995 [1.0, 1.0, 0.0, 1.0, 1.0, 1.0, 1.0, 0.0, 1.0, 1.0]
2535.966070806658 -0.23059217751349356 [1.0, 1.0, 0.0, 1.0, 1.0, 1.0, 0.0, 1.0, 1.0, 1.0]
2539.4181253722736 -0.24966542837134822 [1.0, 1.0, 1.0, 1.0, 1.0, 1.0, 0.0, 1.0, 1.0, 1.0]
2541.3810381482726 -0.25964155811036693 [1.0, 1.0, 0.0, 1.0, 1.0, 1.0, 0.0, 1.0, 1.0, 0.0]
