358.9261368317513 -0.048114591894130566 [0.0, 1.0, 0.0, 0.0, 1.0, 1.0]
353.56405224073006 -0.013161893373536996 [0.0, 0.0, 1.0, 1.0, 0.0, 1.0]
362.9443531448186 -0.057328836409912896 [1.0, 1.0, 0.0, 0.0, 1.0, 0.0]
363.1078499072346 -0.06630139330094142 [0.0, 1.0, 0.0, 0.0, 1.0, 0.0]
363.64578491884134 -0.08497272063786711 [1.0, 1.0, 0.0, 0.0, 0.0, 0.0]
362.9520585739663 -0.06262328377992146 [1.0, 1.0, 1.0, 0.0, 0.0, 0.0]
363.11555533638233 -0.07424306435595428 [0.0, 1.0, 1.0, 0.0, 0.0, 0.0]
360.1456886645488 -0.05340903926413914 [0.0, 1.0, 1.0, 0.0, 0.0, 1.0]
363.80928168125735 -0.13056171864787838 [0.0, 1.0, 0.0, 0.0, 0.0, 0.0]
355.33609028918846 -0.04251184969212234 [0.0, 1.0, 1.0, 1.0, 0.0, 1.0]
