2594.8791706231445 -0.24118194106646806 [0.0, 0.0, 1.0, 0.0, 0.0, 0.0, 0.0, 0.0, 1.0, 0.0]
2528.3249092036226 -0.12575375129981203 [1.0, 1.0, 1.0, 1.0, 0.0, 1.0, 1.0, 1.0, 1.0, 1.0]
2591.9011208707475 -0.239901279540022 [0.0, 0.0, 1.0, 0.0, 0.0, 0.0, 0.0, 1.0, 0.0, 0.0]
2538.9432693669482 -0.19321751320269662 [1.0, 1.0, 1.0, 1.0, 1.0, 0.0, 0.0, 0.0, 0.0, 1.0]
2556.0421595018774 -0.23968376813310246 [0.0, 1.0, 1.0, 1.0, 1.0, 0.0, 1.0, 0.0, 0.0, 0.0]
2545.9567099422543 -0.22966618087472898 [0.0, 1.0, 1.0, 1.0, 1.0, 0.0, 0.0, 0.0, 0.0, 1.0]
2535.0617015351995 -0.17382954917708404 [1.0, 1.0, 1.0, 1.0, 0.0, 0.0, 0.0, 1.0, 0.0, 1.0]
2533.8000733093927 -0.1664466087815028 [1.0, 1.0, 1.0, 1.0, 1.0, 0.0, 0.0, 1.0, 0.0, 1.0]
2527.063280977816 -0.12539327281063234 [1.0, 1.0, 1.0, 1.0, 1.0, 1.0, 1.0, 1.0, 1.0, 1.0]
2529.7206264253286 -0.1386126487986784 [1.0, 1.0, 1.0, 1.0, 0.0, 0.0, 1.0, 1.0, 1.0, 1.0]
2533.468105261178 -0.14074532243049603 [1.0, 1.0, 1.0, 1.0, 0.0, 1.0, 1.0, 0.0, 1.0, 1.0]
2540.204897592755 -0.20743122256163288 [1.0, 1.0, 1.0, 1.0, 0.0, 0.0, 0.0, 0.0, 0.0, 1.0]
2532.2064770353713 -0.1386790606502204 [1.0, 1.0, 1.0, 1.0, 1.0, 1.0, 1.0, 0.0, 1.0, 1.0]
2528.458998199522 -0.1367833507552714 [1.0, 1.0, 1.0, 1.0, 1.0, 0.0, 1.0, 1.0, 1.0, 1.0]
